Selection Name:	Local Search
Function Name:	Michalewicz
Time [ms]:
0	0	0	0	0	0	0	0	0	0	0	0
0	0	0	0	0	0	0	0	0	0	0	0
0	0	125	125	422	766	1032	2078	2547	3626	5782	6392
0	0	109	531	1658	3531	6891	13502	19972	34073	49354	70331
0	0	328	1656	6078	18161	41514	92587	199159	357877	600228	946626
0	0	625	5984	29410	103839	304373	740918	1617963	3139546	5806053	10164487
0	0	1328	17343	114711	513340	1750489	4999514	12522469	28164208	58373814	112541077
0	0	2656	51450	458765	2554699	10576693	35043307	100533804	253402932	559229483	1062492546
Values:
0.0	0.0	0.0	0.0	0.0	0.0	0.0	0.0	0.0	0.0	0.0	0.0
0.0	0.0	0.0	0.0	0.0	0.0	0.0	0.0	0.0	0.0	0.0	0.0
0.0	0.0	-1154.6357909780822	-1187.2772074360244	-1207.495681361081	-1212.612134378814	-1218.3593401801309	-1218.7382998780029	-1227.4634102287841	-1228.4736522974376	-1222.648374061811	-1222.355458355037
0.0	0.0	-1188.1471739358608	-1225.3361124464543	-1249.397677808929	-1238.4320934856948	-1265.35061531092	-1256.899487070159	-1257.0548028632113	-1268.7267181454242	-1276.049631060059	-1273.6514266493257
0.0	0.0	-1214.6057879791865	-1259.2766248579976	-1260.7973498524527	-1283.7525331651204	-1318.4841015329246	-1301.7301450386308	-1305.652770422502	-1314.8796710548997	-1319.943785120524	-1341.8330040561873
0.0	0.0	-1199.7246827719964	-1260.4941662222357	-1315.2617226621826	-1340.4537880488083	-1341.9319691537014	-1351.5611115198117	-1344.3254003409347	-1372.2560054374376	-1384.4823815346201	-1374.4819965368956
0.0	0.0	-1253.3958436495127	-1277.2802060470808	-1344.55674568467	-1363.6043449042775	-1384.2530975688203	-1400.4031325205597	-1409.3443213820403	-1415.7374833945253	-1430.3725547855254	-1420.2503022209605
0.0	0.0	-1270.1460864938113	-1338.7346965443678	-1366.0522472527425	-1411.795997098069	-1421.199291040455	-1432.1424917549382	-1439.7137404966213	-1449.8824628835077	-1471.4923951741628	-1484.7137949531716
Evaluations:
0	0	0	0	0	0	0	0	0	0	0	0
0	0	0	0	0	0	0	0	0	0	0	0
0	0	40	72	256	450	612	1225	1536	2187	3500	3872
0	0	56	306	992	2125	4140	8085	12096	20007	29500	42471
0	0	200	981	3616	10900	24840	54096	104576	183141	301400	484242
0	0	308	3024	15168	52050	152496	374801	811648	1622187	3015400	5277294
0	0	676	9045	59568	265675	907488	2596902	6505664	14629653	30240800	58285458
0	0	1384	26658	237776	1323350	5488704	18237849	52113152	131627592	301945200	641125639

Selection Name:	Local Search
Function Name:	Ackley
Time [ms]:
0	0	0	0	0	0	0	0	0	0	0	0
0	0	0	0	0	0	0	0	0	0	0	0
0	0	47	79	141	313	468	766	1078	1641	2203	2789
0	0	63	219	625	1468	3078	5236	8775	13637	19936	30858
0	0	110	671	2578	7612	18012	39942	81298	152543	256643	406908
0	0	328	2484	12218	44590	142914	324447	692215	1400857	2577316	4434975
0	0	546	7609	50246	222141	761385	2185209	5441499	12224532	25209302	48827166
0	0	1171	22468	200111	1112658	4563607	15222918	44045585	109847942	252014023	531027435
Values:
0.0	0.0	0.0	0.0	0.0	0.0	0.0	0.0	0.0	0.0	0.0	0.0
0.0	0.0	0.0	0.0	0.0	0.0	0.0	0.0	0.0	0.0	0.0	0.0
0.0	0.0	21.241778337431732	21.2267640074342	21.228112338718724	21.223572251478245	21.22377573301533	21.2230924891144	21.221748053498285	21.22065773582008	21.21861762921904	21.21387545569516
0.0	0.0	21.23330823125824	21.223866978737373	21.21232771191456	21.20963055901545	21.20428255927771	21.205437227010197	21.200479325743178	21.199122356125024	21.195317349678398	21.192218885828687
0.0	0.0	21.23130458780574	21.208370567867664	21.196482673917142	21.193463271792766	21.17698777788079	21.185302613170567	21.17328182262906	21.164451486183925	21.171559731740853	21.166266382052612
0.0	0.0	21.20794815936574	21.205032679094614	21.185331353096053	21.174078104110922	21.160025450643698	21.1566495974926	21.157680340057265	21.1527819129868	21.143822866344884	21.144189748790108
0.0	0.0	21.20960288885024	21.18970594649573	21.164145034678796	21.154608592802546	21.15087669092481	21.130587177892675	21.13164275202684	21.128510663426205	21.123210368372444	21.12071876258132
0.0	0.0	21.18836346861846	21.168013698613812	21.148804552043966	21.140325104849087	21.130191134951293	21.121566647182078	21.10837253239648	21.0973856062981	21.10615605528234	21.09334816052046
Evaluations:
0	0	0	0	0	0	0	0	0	0	0	0
0	0	0	0	0	0	0	0	0	0	0	0
0	0	28	99	192	450	684	1127	1600	2430	3200	4114
0	0	84	315	912	2175	4536	7644	12864	20088	28900	44891
0	0	160	945	3648	10725	25092	54390	101504	179982	304400	484484
0	0	384	2925	14496	52625	151596	373331	818624	1626318	3019700	5306697
0	0	664	8919	60000	264750	907884	2616453	6516864	14624145	30159900	58244560
0	0	1404	26703	237872	1329400	5468724	18297139	52105088	131630427	302042100	641024362

Selection Name:	Local Search
Function Name:	Schwefel
Time [ms]:
0	0	0	0	0	0	0	0	0	0	0	0
0	0	0	0	0	0	0	0	0	0	0	0
0	0	78	78	203	312	648	969	1281	2059	3223	3891
0	0	63	265	734	1765	3359	6359	11003	16129	25286	38394
0	0	141	891	2999	8861	21229	44645	87280	154050	256907	418146
0	0	282	2641	12499	45343	130919	317358	692177	1414088	2549486	4440287
0	0	547	7578	50027	225360	765478	2194927	5460607	12304900	25352762	48925738
0	0	1157	22983	200471	1115001	4584918	15278618	43941518	110501300	252926710	533232986
Values:
0.0	0.0	0.0	0.0	0.0	0.0	0.0	0.0	0.0	0.0	0.0	0.0
0.0	0.0	0.0	0.0	0.0	0.0	0.0	0.0	0.0	0.0	0.0	0.0
0.0	0.0	4130031.808100327	4158136.2800676776	4119793.0962258494	4129140.413876669	4098040.206711466	4090887.322730772	4097944.2025105325	4101695.406744307	4088713.804908778	4086877.334582752
0.0	0.0	4138728.436707491	4093129.812657763	4108840.3371915203	4096794.1032722318	4069091.5505125723	4067106.4861050015	4066495.1942624836	4055124.526468431	4048433.2708637915	4042747.2658103174
0.0	0.0	4126912.013218508	4088569.0137721314	4065177.349564424	4037518.6873449762	4035906.3030124246	4028823.1302257506	4025041.566612592	4021950.178923335	4016604.730307051	4012487.9980938854
0.0	0.0	4092250.093929295	4073814.9133684235	4029162.8645033515	4018651.478172694	4016119.3050443134	3995981.78267617	3994391.9216482807	3993651.0279930034	3973916.3859789334	3964063.120880598
0.0	0.0	4065186.9866354875	4041862.796406476	4006466.6218122737	3991151.53693714	3976905.3651282336	3945515.4762636973	3943107.3432919765	3940582.048207519	3929443.532819807	3931992.765573412
0.0	0.0	4058741.230129387	4012399.2573953904	3964637.0215431727	3957129.534687003	3936205.05555412	3939274.6271986356	3917962.4206601456	3909005.8839234808	3902935.8168184888	3877924.0971615044
Evaluations:
0	0	0	0	0	0	0	0	0	0	0	0
0	0	0	0	0	0	0	0	0	0	0	0
0	0	36	72	208	375	720	1127	1472	2349	3800	4598
0	0	68	297	928	2100	3852	7546	12864	18873	29800	45254
0	0	168	999	3536	10500	25056	53165	102528	183060	304300	480491
0	0	328	3087	14688	52925	153792	374948	816704	1633041	3027800	5291814
0	0	668	8928	59376	266975	907740	2616796	6528896	14640831	30191400	58309658
0	0	1352	26928	237632	1326300	5469552	18279107	52059008	131730057	301866900	640914978

Selection Name:	Local Search
Function Name:	Rastrigin
Time [ms]:
0	0	0	0	0	0	0	0	0	0	0	0
0	0	0	0	0	0	0	0	0	0	0	0
0	0	62	78	157	266	517	687	1412	1687	1828	3047
0	0	63	203	625	1656	3018	6140	9242	15034	23361	35862
0	0	110	765	2977	8953	20828	43816	81411	146075	243565	398425
0	0	297	2531	12660	43013	128561	307546	658834	1349389	2468902	4186680
0	0	532	7156	47715	211392	723075	2068795	5163863	11539408	23857513	46559923
0	0	1063	21233	188799	1052474	4333451	14458158	41513472	104477866	238400275	507650704
Values:
0.0	0.0	0.0	0.0	0.0	0.0	0.0	0.0	0.0	0.0	0.0	0.0
0.0	0.0	0.0	0.0	0.0	0.0	0.0	0.0	0.0	0.0	0.0	0.0
0.0	0.0	183356.04000802903	181890.8599250705	181028.32114972023	181423.1768304656	181811.4041423935	180582.18679634616	181391.36767192424	180256.9674741908	180621.8587718752	180226.6576310955
0.0	0.0	182640.5765142453	181250.07280350907	179959.6364361343	180206.71508137527	179465.31142886906	178884.1204006508	179231.31737588835	178791.78079379653	178042.51329271507	177838.34563604745
0.0	0.0	181040.6106641626	179671.9761470771	178316.41335047834	178438.08751875552	177150.31812267812	177140.43814806972	177017.45671143226	175565.80062922335	176164.24787209483	176032.2629793734
0.0	0.0	179344.02818115312	178933.31671873623	177709.64319333533	176239.58101166695	175631.66043478408	175744.69844474224	175201.63866844884	174327.80516432575	174163.9428460049	173275.91984903184
0.0	0.0	179690.3321723162	176900.41013229146	176014.7355385006	175596.27509568934	173913.25586037445	173722.6693993935	173019.64294075465	172710.27791800626	171899.684251645	172057.82319271128
0.0	0.0	178757.47516345122	175912.19191526703	173839.02565467733	172686.2277519636	172643.7733031889	171569.3797426116	171196.71454833084	170835.76899152464	170630.44546797947	170204.87849875208
Evaluations:
0	0	0	0	0	0	0	0	0	0	0	0
0	0	0	0	0	0	0	0	0	0	0	0
0	0	28	108	208	375	684	931	1792	2187	2400	4114
0	0	80	297	864	2200	4104	8232	12480	20493	29900	43318
0	0	156	936	3568	11075	25452	53704	102208	182412	303500	486541
0	0	364	3015	14816	52300	152748	373331	811072	1627776	3024400	5282013
0	0	664	8856	59488	265425	912060	2608809	6526336	14593203	30194200	58322605
0	0	1340	26694	237520	1327250	5468256	18304636	52046400	131609286	302040500	641092606

Selection Name:	Local Search
Function Name:	Griewank
Time [ms]:
0	0	0	0	0	0	0	0	0	0	0	0
0	0	0	0	0	0	0	0	0	0	0	0
0	0	63	94	203	360	500	875	1578	1985	2801	3579
0	0	93	313	867	1844	4046	6715	11130	16778	28751	39442
0	0	140	1047	3703	10079	24689	53511	96519	174774	291620	469626
0	0	312	2844	14847	51278	147576	361122	788185	1595268	2882326	5050729
0	0	719	8530	56871	253483	867550	2492828	6216681	14014787	28902388	55600840
0	0	1312	26201	226859	1269600	5217343	17427892	50069882	125938109	288696744	592370933
Values:
0.0	0.0	0.0	0.0	0.0	0.0	0.0	0.0	0.0	0.0	0.0	0.0
0.0	0.0	0.0	0.0	0.0	0.0	0.0	0.0	0.0	0.0	0.0	0.0
0.0	0.0	293293.32919441053	290417.4685101441	290505.04809434124	290167.8435652002	290885.37072906696	287446.3185888554	289117.4866657572	286648.5400368123	287253.067841544	287273.719427356
0.0	0.0	293266.493026776	288982.2373284083	287156.98873742926	284850.1541448154	285575.92807913537	282736.493112215	282221.4649693688	283588.81985702453	282662.36874507857	280485.0276728012
0.0	0.0	287296.5614266758	286513.1707494101	281582.80429306027	280741.28365747526	280894.9612880315	279889.1733804713	277315.70164710504	277387.07576014	276515.8161211987	276084.333177021
0.0	0.0	287153.3466707087	280769.3352782367	280393.88122281205	276979.5109706279	275512.41306372994	273638.83045100264	272097.9506557124	269970.7531040748	270716.06920556264	271225.12425394676
0.0	0.0	279922.5536084558	279423.32459914393	275024.62145627686	272814.1313010124	269283.84604545037	269185.26026587415	268259.6707407549	266637.1078885359	264420.1946679668	264736.7040624146
0.0	0.0	281744.36991689453	275185.02280927246	269396.53481920157	267729.58272421407	263565.43580924947	263414.9366172721	263966.1380878757	261573.37309216408	259426.19310295794	259918.15469527297
Evaluations:
0	0	0	0	0	0	0	0	0	0	0	0
0	0	0	0	0	0	0	0	0	0	0	0
0	0	40	99	224	400	576	980	1792	2268	3200	4114
0	0	104	342	992	2100	4608	7595	12608	19278	31300	42350
0	0	148	1035	3808	10400	25308	55223	100736	181926	303100	479039
0	0	336	2943	15088	53050	152316	375536	811328	1627938	3001900	5281771
0	0	752	8838	59344	264575	905868	2609201	6505984	14631840	30186700	58211406
0	0	1360	27279	237088	1329900	5465592	18293807	52131840	131629374	302000800	640830762

Selection Name:	Brute Force
Function Name:	Michalewicz
Time [ms]:
0	0	0	0	0	0	0	0	0	0	0	0
0	0	0	0	0	0	0	0	0	0	0	0
0	0	50	110	145	250	443	661	1011	1429	1927	2469
0	0	50	193	571	1313	2610	4778	8227	12622	18889	27287
0	0	94	615	2303	6595	15723	33134	68367	143798	231659	361801
0	0	262	2300	11416	40567	116267	288220	624763	1249660	2286998	3497288
0	0	546	6899	46615	204087	694066	2003856	4824271	10979125	18914129	36282726
0	0	891	16875	149330	831341	3885503	13227445	34506691	85717312	191999154	403141211
Values:
0.0	0.0	0.0	0.0	0.0	0.0	0.0	0.0	0.0	0.0	0.0	0.0
0.0	0.0	0.0	0.0	0.0	0.0	0.0	0.0	0.0	0.0	0.0	0.0
0.0	0.0	-1173.7994437776451	-1162.74410205505	-1187.5719242206071	-1192.8860738320677	-1192.544593876818	-1198.6653142115213	-1207.52056162477	-1222.2563663482206	-1216.7145912067188	-1217.0194896112348
0.0	0.0	-1151.5315657364617	-1198.086514249094	-1194.309107148276	-1220.289405374826	-1236.3718795380983	-1273.9875940469224	-1245.1132741704957	-1268.9259097089594	-1252.823653837069	-1273.29323558418
0.0	0.0	-1163.69777208802	-1231.7101601020336	-1259.0466219115103	-1257.8744628628533	-1273.4163953331463	-1274.5795477102765	-1294.9615589639477	-1292.6681669382272	-1305.0357168554092	-1305.4054627499204
0.0	0.0	-1208.2926612871247	-1228.348296526666	-1290.7979155535543	-1306.3422111658963	-1316.9159187712298	-1315.2344580137456	-1323.1335672852308	-1333.4037448960107	-1338.6540857922932	-1356.1284074712944
0.0	0.0	-1213.2052918839395	-1266.7142042100252	-1279.5606426783684	-1327.6676646339768	-1336.7129605127834	-1372.5440898157447	-1374.3968753096497	-1381.0692566806672	-1371.340691857567	-1389.6310551851222
0.0	0.0	-1231.3398847370763	-1315.612677915717	-1321.1969043653432	-1359.5043029005456	-1374.705885099352	-1411.2799115630678	-1422.438651353039	-1419.103115202598	-1421.1131984949295	-1439.2296970724608
Evaluations:
0	0	0	0	0	0	0	0	0	0	0	0
0	0	0	0	0	0	0	0	0	0	0	0
0	0	12	36	80	150	252	392	576	810	1100	1452
0	0	28	117	336	775	1548	2793	4672	7371	11100	16093
0	0	60	360	1360	3900	9324	19600	37440	66420	111100	177144
0	0	124	1089	5456	19525	55980	137249	299584	597861	1111100	1948705
0	0	252	3276	21840	97650	335916	960792	2396736	5380830	11111100	21435876
0	0	508	9837	87376	488275	2015532	6725593	19173952	48427551	111111100	235794757

Selection Name:	Brute Force
Function Name:	Ackley
Time [ms]:
0	0	0	0	0	0	0	0	0	0	0	0
0	0	0	0	0	0	0	0	0	0	0	0
0	0	16	32	46	109	188	281	406	578	781	1031
0	0	15	94	250	578	1110	2016	3375	5281	7891	11406
0	0	47	281	985	2828	6750	14109	26829	47422	79110	126080
0	0	110	797	3969	14125	40219	98110	213253	424225	787074	1377536
0	0	188	2390	15906	70407	240722	686026	1704994	3819385	7869586	15144787
0	0	375	7250	63673	352630	1447912	4803884	13649718	34417698	78798528	166733879
Values:
0.0	0.0	0.0	0.0	0.0	0.0	0.0	0.0	0.0	0.0	0.0	0.0
0.0	0.0	0.0	0.0	0.0	0.0	0.0	0.0	0.0	0.0	0.0	0.0
0.0	0.0	21.259754414697174	21.230963057017714	21.238641502520313	21.236530683020646	21.22689799099256	21.22663437901207	21.229965273800055	21.218575709212324	21.2113786601099	21.220026354826643
0.0	0.0	21.235006284588806	21.237009302230177	21.223056229518164	21.22097946676508	21.21260698165268	21.209539128166586	21.211610383139945	21.20803160150708	21.201497839143574	21.205449238418183
0.0	0.0	21.231717907935575	21.22042578729415	21.21125265350061	21.20052876866083	21.196401866505898	21.200866769690162	21.182028724274087	21.184660281293123	21.182858248901468	21.182689927092564
0.0	0.0	21.23326952298993	21.206411157214024	21.201666736398646	21.181207193200848	21.183055560327663	21.179876171545207	21.172380660847853	21.16296268591112	21.16445659508169	21.16216643420919
0.0	0.0	21.210955909119846	21.196775602375062	21.190632021639388	21.175838432737752	21.165326652011412	21.15955913293507	21.14828905372851	21.147593285742968	21.13964656034939	21.140972548168044
0.0	0.0	21.218852392268037	21.191357782538848	21.17146086314841	21.161293738951528	21.142660774803627	21.140341035958592	21.12958408009606	21.122930994558185	21.11977627437327	21.114702255301292
Evaluations:
0	0	0	0	0	0	0	0	0	0	0	0
0	0	0	0	0	0	0	0	0	0	0	0
0	0	12	36	80	150	252	392	576	810	1100	1452
0	0	28	117	336	775	1548	2793	4672	7371	11100	16093
0	0	60	360	1360	3900	9324	19600	37440	66420	111100	177144
0	0	124	1089	5456	19525	55980	137249	299584	597861	1111100	1948705
0	0	252	3276	21840	97650	335916	960792	2396736	5380830	11111100	21435876
0	0	508	9837	87376	488275	2015532	6725593	19173952	48427551	111111100	235794757

Selection Name:	Brute Force
Function Name:	Schwefel
Time [ms]:
0	0	0	0	0	0	0	0	0	0	0	0
0	0	0	0	0	0	0	0	0	0	0	0
0	0	31	31	63	125	203	313	437	609	813	1078
0	0	15	110	266	594	1172	2094	3484	5485	8266	11937
0	0	47	281	1047	2969	7031	14751	28000	49610	82861	131627
0	0	109	859	4172	14829	42266	103001	224253	445975	827481	1446990
0	0	187	2532	16719	73985	253082	720589	1788620	4007794	8257404	15887454
0	0	391	7625	67032	370709	1521429	5049684	14345931	36138505	82721820	175069174
Values:
0.0	0.0	0.0	0.0	0.0	0.0	0.0	0.0	0.0	0.0	0.0	0.0
0.0	0.0	0.0	0.0	0.0	0.0	0.0	0.0	0.0	0.0	0.0	0.0
0.0	0.0	4165442.9803209202	4153606.4718673504	4126282.791584121	4141299.8195599862	4135934.7773383227	4119630.837215004	4124613.87876065	4104950.689284891	4102753.637882572	4112734.9356343965
0.0	0.0	4144134.19634665	4124981.0194198773	4118165.6349458387	4107886.3610272305	4107863.541144548	4089112.79520765	4088232.826218927	4085804.662238422	4065250.5929106586	4065764.0226484863
0.0	0.0	4126416.5807298413	4108818.2844125596	4098914.9349460374	4078172.4437578637	4057817.476636403	4059837.168392896	4058491.799599046	4036214.8318314673	4029299.212175719	4038506.1578008668
0.0	0.0	4107814.6618724726	4085346.27320658	4062708.496682282	4049512.4116813	4030938.813923616	4008504.2996155964	4014130.7117734547	4011610.513479785	3994733.70689419	3997539.8096500705
0.0	0.0	4110004.509782632	4059023.806574156	4040216.522725094	4025301.570471761	4004418.867248595	3991825.361838521	3973735.5423364826	3962631.1404392268	3970885.473427185	3957724.834739101
0.0	0.0	4096760.845230665	4054397.5734886406	4018093.1144779474	4004418.2565204203	3967698.901452503	3956935.3170666974	3952451.5978484214	3936839.283364527	3919726.5210944614	3919318.729777085
Evaluations:
0	0	0	0	0	0	0	0	0	0	0	0
0	0	0	0	0	0	0	0	0	0	0	0
0	0	12	36	80	150	252	392	576	810	1100	1452
0	0	28	117	336	775	1548	2793	4672	7371	11100	16093
0	0	60	360	1360	3900	9324	19600	37440	66420	111100	177144
0	0	124	1089	5456	19525	55980	137249	299584	597861	1111100	1948705
0	0	252	3276	21840	97650	335916	960792	2396736	5380830	11111100	21435876
0	0	508	9837	87376	488275	2015532	6725593	19173952	48427551	111111100	235794757

Selection Name:	Brute Force
Function Name:	Rastrigin
Time [ms]:
0	0	0	0	0	0	0	0	0	0	0	0
0	0	0	0	0	0	0	0	0	0	0	0
0	0	15	32	46	110	187	281	391	547	750	984
0	0	16	79	234	547	1062	1922	3187	5031	7532	10907
0	0	47	250	953	2704	6422	13375	25469	45032	75158	119674
0	0	94	766	3812	13547	38532	93767	204128	405553	752199	1315597
0	0	172	2344	15266	67595	230613	655885	1628071	3645679	7504595	14434229
0	0	360	6953	61126	338115	1385583	4597818	13046350	32866206	75185802	159862955
Values:
0.0	0.0	0.0	0.0	0.0	0.0	0.0	0.0	0.0	0.0	0.0	0.0
0.0	0.0	0.0	0.0	0.0	0.0	0.0	0.0	0.0	0.0	0.0	0.0
0.0	0.0	183951.2176033026	182967.93167567765	183239.4471908193	182185.22567609098	181856.37001074274	181470.75954112562	181810.9923930588	181617.25468149188	180659.6577355148	181039.01737672414
0.0	0.0	182967.5065375805	182350.979153451	180744.80481854727	180169.43838306298	181094.06457369533	179755.28312740516	178915.2185144123	179603.2781427935	179958.4294133084	179446.6948348523
0.0	0.0	182114.39962998492	179918.1687312074	180569.0810818027	179120.7796259436	178824.21076761186	178331.44923944323	177666.13440311293	177361.2879439164	177021.98489594497	177519.7313845295
0.0	0.0	182660.2421345576	180409.56797723303	179452.88444158866	178211.03887666733	176874.29532953555	176480.38471425648	176425.14267152466	176102.2337048725	175271.39211640728	175441.00794104504
0.0	0.0	182308.9098612505	180105.49060636217	177285.06727586055	176102.93490660877	175662.27732268907	175341.66901722166	174432.37932571053	174182.15492764913	173664.62722682592	173276.71873996413
0.0	0.0	180782.37065182126	178036.8363468436	176146.20865049888	175811.54497293377	174967.22799082822	173172.4924313278	172705.96037714058	172513.94082402927	171879.1074999823	171780.33307271387
Evaluations:
0	0	0	0	0	0	0	0	0	0	0	0
0	0	0	0	0	0	0	0	0	0	0	0
0	0	12	36	80	150	252	392	576	810	1100	1452
0	0	28	117	336	775	1548	2793	4672	7371	11100	16093
0	0	60	360	1360	3900	9324	19600	37440	66420	111100	177144
0	0	124	1089	5456	19525	55980	137249	299584	597861	1111100	1948705
0	0	252	3276	21840	97650	335916	960792	2396736	5380830	11111100	21435876
0	0	508	9837	87376	488275	2015532	6725593	19173952	48427551	111111100	235794757

Selection Name:	Brute Force
Function Name:	Griewank
Time [ms]:
0	0	0	0	0	0	0	0	0	0	0	0
0	0	0	0	0	0	0	0	0	0	0	0
0	0	36	42	86	160	252	393	569	792	1083	1424
0	0	28	113	326	776	1594	2864	4601	7188	10989	16057
0	0	61	373	1382	3858	9224	18920	36163	64493	107411	169283
0	0	118	1069	5312	18957	54089	132210	287555	573519	1067362	1875167
0	0	256	3264	21603	95929	328417	936710	2312205	5190652	10711012	20630373
0	0	500	9797	86188	478741	1960637	6511531	18536327	46736213	104967621	218428047
Values:
0.0	0.0	0.0	0.0	0.0	0.0	0.0	0.0	0.0	0.0	0.0	0.0
0.0	0.0	0.0	0.0	0.0	0.0	0.0	0.0	0.0	0.0	0.0	0.0
0.0	0.0	295842.5446934849	294443.1957976024	292669.4236488936	291662.56220728497	290094.9250541312	290665.41272933985	290101.8209538336	288353.64146827935	287075.2467288425	287969.5035561234
0.0	0.0	293480.4512096841	291591.3897395976	287369.1699350047	290113.60482220736	286742.7358409654	286015.0763364258	283276.31148616294	285080.01001254044	284490.2730779761	282385.9934133872
0.0	0.0	290118.06949182344	289397.6965030725	285145.39985391404	283291.3504579568	281346.76819825557	281487.52488881006	279620.501645687	278790.93449143565	278138.2920099097	277921.900592143
0.0	0.0	289465.4262541242	285830.5759064567	283119.0495716871	279429.5958463573	279441.3858665767	276965.2179044443	275543.0746753086	274874.9680135454	274194.07604544744	273492.44654830435
0.0	0.0	291187.49700120505	284391.63486074266	277128.42270163714	275279.4774482415	274201.2999890559	273920.7955895598	270558.04198756773	269598.8262324923	269509.0324810006	269931.10911553365
0.0	0.0	288672.69530427124	280617.9776778368	276324.87533446134	270425.33509446937	270725.47539542	269035.1159625308	267248.0227925786	264248.30461145623	264812.9349602443	262621.61053178157
Evaluations:
0	0	0	0	0	0	0	0	0	0	0	0
0	0	0	0	0	0	0	0	0	0	0	0
0	0	12	36	80	150	252	392	576	810	1100	1452
0	0	28	117	336	775	1548	2793	4672	7371	11100	16093
0	0	60	360	1360	3900	9324	19600	37440	66420	111100	177144
0	0	124	1089	5456	19525	55980	137249	299584	597861	1111100	1948705
0	0	252	3276	21840	97650	335916	960792	2396736	5380830	11111100	21435876
0	0	508	9837	87376	488275	2015532	6725593	19173952	48427551	111111100	235794757
